0
1000
1011220483
1012167918
1025250369
1028622259
1029756305
1030007758
1030656861
1030777138
1032038243
1060035098
1074591279
1075063691
1091377018
1091430296
109851450
1102185115
1110140971
1131068277
1160311823
116799655
1191961574
12211
1221218553
1223743591
1260394823
1290579330
1320497155
13863779
1390226655
1400143200
1428778099
1440389763
147591585
1480003230
1510588653
151983617
152560778
152757474
152846817
153272490
153580976
1540351763
1632016449
1652272147
1652618108
1670597772
173122613
1734058353
1771684021
1771785960
1830753814
188997754
190512941
192563304
1950960821
1960279383
2090366711
211211627
2123
21232121
2130012749
213606408
2147483647
214915483
215334973
215586557
218369186
220960358
221
222345
222992796
223115066
227750127
228185460
22910088
22910392
22910393
230622507
230915032
232507051
234411555
237314167
239361080
241184345
246055381
250902252
251288371
251417755
257201591
262312273
275485707
275967202
286071247
29123012
292192892
293937560
301307758
302445755
302610243
304695850
305543929
306054835
306483395
308871174
311002744
316007533
320360538
321843041
322050664
329775782
329906057
331722625
331770064
33238991
333004144
334340663
342485411
345140491
350525870
354050505
354245971
355915298
357861656
358350957
359192954
359454208
359459818
360590203
369835453
371523391
371620330
37230685
37310018
373315114
373782081
376523002
378749471
38053566
381204181
382174299
383755807
384255677
384269293
39017067
393336612
395166748
399737551
401054279
401500474
403805690
406569704
407524864
410120666
413666472
416150397
417060659
418100955
418351977
421009243
421023009
425878766
426644840
430701358
431121549
431265683
431690957
432837877
433378344
434290616
436788030
438173465
438355854
438499002
443228580
443798389
444877714
445172407
448168919
449489499
449778593
450672989
450714386
452538839
452795296
453680171
454446775
454661033
454789439
456259614
456576280
457758938
460065973
460585358
460810001
462853384
466204823
469996085
470670568
474437701
479192774
479881017
480393966
481949233
482412266
485474831
488546588
488909327
494552312
494746851
495303704
502763280
503442518
505127582
505489622
50552713
506150928
506647352
511827301
521953473
538330460
550572818
562830601
576575664
578314146
580608744
580877486
583285117
583290841
584306920
587998735
611504089
620437662
630009448
657252330
66271999
663214346
668996522
675500167
6777
689015435
689744
712153294
719001
73154224
741011565
750069000
76555122
77553321
77553344
78990
81299992
813642000
842030277
860588404
883001777
8888677
940902649
948176699
95231875
960756053
